19011974
255010
169800
163977
160984
164228
150705
152965
155184
149688
363413
192125
194649
159795
160825
138000
161572
106530
150833
160300
161810
158020
129822
398592
159673
107720
102549
95128
179471
106399
165612
289972
297296
252746
331264
381978
334650
312380
327964
329444
323716
319479
341417
328280
317384
18711503
185913
152067
153743
208025
1450674
152847
136192
121601
130812
119613
127092
126347
131446
119837
121688
131547
117643
1895482
150037
148801
129966
129550
141543
139064
137347
132979
406441
133247
147894
139082
506014
173959
148036
173097
130255
127982
126412
163490
152723
3207561
143178
174302
169230
152744
134762
112414
116134
108303
165936
119173
130045
140051
112637
290047
309000
1128679
347404
355927
344611
333715
339549
906649
349061
384007
332113
330912
389061
351501
316891
333092
335628
321405
317289
369072
344969
317675
520936
576925
396947
349129
332611
393309
337962
335580
339490
336018
372087
396237
333622
331880
324931
324640
335873
341444
363215
343853
340684
340582
327877
340256
330283
335754
341236
324939
337493
326772
334876
337913
337695
338378
337223
857684
360972
337440
339691
348400
336473
343736
332054
340953
338185
367499
350379
344594
335360
338925
331736
333580
332003
331861
334260
331945
329445
330469
328500
341483
334670
340184
1676904
1107424
366802
336813
337707
384142
333861
1450404
1407747
2012558
3231994
1625319
2012351
1828361
