24106847 
55475 
31748 
29447 
32929 
28558 
31811 
27842 
27918 
35831 
77703 
55615 
54046 
44637 
45966 
45040 
60465 
47629 
55108 
46582 
70898 
52738 
43510 
51078 
46227 
48052 
42149 
43466 
44610 
41122 
72463 
54679 
47089 
46497 
46879 
45044 
48538 
46781 
51362 
46960 
76637 
50113 
56715 
56834 
46133 
42532 
43394 
40070 
37368 
41541 
67690 
53997 
41387 
40323 
48672 
38213 
36003 
36044 
36561 
37313 
73458 
50734 
350659 
585678 
86190 
54296 
40519 
38270 
36961 
36998 
66451 
46869 
43301 
90607 
44288 
42615 
46295 
39707 
42336 
41882 
145021 
43625 
40577 
40194 
38297 
3540706 
55000 
44191 
33767 
431411 
62945 
39123 
42275 
35681 
39317 
33260 
31489 
30832 
31734 
32718 
63645 
42573 
36992 
36616 
36384 
40360 
36205 
35538 
34956 
34626 
58527 
34376 
36668 
30188 
31157 
35333 
30431 
30609 
29212 
29256 
61923 
37117 
93472 
55749 
36745 
35150 
41782 
65892 
36231 
36092 
70200 
34756 
31001 
30262 
36765 
31699 
29672 
32059 
36552 
32347 
53670 
40732 
31845 
29858 
30199 
30416 
30668 
64494 
42286 
33994 
55742 
38519 
37275 
30046 
29442 
29582 
31402 
29680 
28227 
27980 
57749 
35831 
32948 
37811 
31287 
31478 
32302 
31746 
30331 
31179 
63902 
36245 
30824 
30375 
65135 
51473 
42515 
38717 
31538 
35811 
61251 
42559 
30320 
27973 
27391 
25764 
26829 
26306 
26055 
25608 
8252574 
49474 
31408 
29020 
44253 
27746 
29290 
35361 
31317 
30407 
76648 
37100 
32349 
33089 
31537 
30732 
31020 
41476 
35857 
30826 
51178 
33119 
21644 
21277 
20600 
26706 
21501 
20893 
20609 
28494 
56059 
37709 
33155 
31924 
32328 
34023 
36115 
32193 
30853 
63143 
53701 
39649 
30221 
29473 
30942 
30923 
27800 
31123 
26961 
27338 
59766 
34507 
32003 
30803 
31641 
30019 
30144 
29742 
32447 
29609 
55332 
38908 
56021 
39330 
209589 
85614 
70791 
35248 
33159 
33657 
83428 
35217 
29840 
29927 
28720 
30368 
33341 
28577 
32758 
28685 
70771 
37700 
31547 
38779 
29844 
30595 
30367 
27368 
34065 
30418 
58310 
36191 
34282 
30083 
32677 
26711 
27894 
26488 
25789 
29069 
57108 
79882 
36954 
31857 
31299 
30303 
29649 
30930 
31049 
29490 
53178 
42110 
30283 
29344 
258091 
37029 
32595 
32594 
29763 
30005 
53675 
35383 
37263 
29300 
29844 
28914 
28232 
31490 
28353 
33530 
451160 
44123 
28937 
26750 
33740 
27354 
25825 
26201 
25242 
112368 
55881 
31274 
29617 
29419 
27314 
2931369 
44394 
55845 
33880 
24450 
58186 
29417 
34056 
23465 
23749 
23126 
21931 
98003 
35575 
32079 
134727 
39647 
41982 
62076 
29627 
24564 
24380 
23918 
23709 
22821 
55008 
51959 
33967 
25065 
23603 
26736 
23700 
23208 
25998 
26429 
46996 
30848 
25093 
23788 
23705 
23161 
25832 
24143 
27800 
23022 
49914 
29253 
25652 
35377 
24642 
24293 
25842 
32734 
25236 
24149 
44005 
28992 
24482 
23307 
25607 
22255 
24071 
22339 
22647 
22247 
48138 
30456 
24453 
23050 
22578 
23937 
22711 
23079 
24942 
21587 
53074 
30629 
34218 
23083 
22081 
22820 
23705 
22442 
22847 
22299 
46685 
32894 
23182 
22686 
22679 
25785 
24720 
22218 
24365 
21748 
48668 
31535 
24270 
22599 
28919 
26281 
23884 
25119 
21436 
23070 
44207 
29232 
23854 
22473 
23742 
26186 
24580 
24440 
22838 
22850 
47037 
32374 
31321 
30237 
23914 
23196 
35019 
25376 
24450 
24077 
70546 
90940 
41806 
26471 
26929 
27884 
26486 
30644 
28575 
37894 
51283 
66449 
29186 
26487 
21441 
21378 
27547 
21032 
23009 
22681 
48532 
28390 
26052 
26224 
25057 
23802 
25970 
25413 
23793 
28723 
46587 
29587 
24259 
24098 
39048 
24718 
21485 
22911 
21251 
20930 
43479 
38931 
26475 
22112 
22430 
43723 
73437 
51497 
49143 
71953 
49109 
136806 
44633 
30158 
28015 
41183 
29711 
27178 
25860 
23739 
49610 
26023 
22920 
23312 
22362 
20687 
19969 
21605 
27364 
20800 
42028 
27330 
27492 
24271 
20898 
23824 
21783 
22290 
63358 
30935 
43689 
26532 
21256 
21219 
23836 
21359 
21455 
20040 
20733 
21458 
51157 
33015 
25438 
33938 
25089 
24528 
23849 
25633 
24746 
24318 
46709 
25076 
23310 
21595 
20165 
21144 
20865 
21299 
21191 
22202 
43066 
25619 
21950 
22479 
20270 
22847 
22772 
21932 
22534 
19692 
44339 
25097 
22583 
22163 
20537 
20420 
20955 
20859 
22971 
20675 
42788 
25878 
23847 
21485 
24879 
3323881 
33929 
25083 
20914 
21705 
44177 
34841 
22207 
21988 
20572 
20603 
20287 
22282 
22492 
21351 
50194 
29755 
35318 
21537 
20239 
20354 
20623 
24920 
21454 
22478 
53004 
29857 
27061 
28256 
25590 
24217 
24124 
29475 
31431 
23411 
72840 
37384 
30626 
52441 
25344 
27999 
23240 
21097 
21883 
32223 
47443 
30177 
24018 
23143 
21852 
21563 
22750 
20995 
21882 
23052 
47789 
27764 
21007 
28982 
20641 
19207 
19382 
21663 
25354 
19060 
50674 
26842 
22280 
21051 
20670 
20751 
20965 
20559 
22831 
22367 
42106 
28042 
23107 
20568 
20054 
19285 
23182 
21018 
27145 
20141 
45339 
24189 
21642 
21022 
20498 
20052 
20359 
22284 
20336 
19256 
44125 
25905 
22463 
21627 
23496 
19855 
20002 
21023 
20250 
20090 
58631 
39338 
32021 
25074 
25532 
24039 
25394 
25940 
26315 
33858 
44847 
27037 
21013 
20860 
19497 
19072 
46045 
21184 
20850 
19286 
50795 
31809 
66533 
32778 
20805 
28203 
21539 
20773 
20127 
21460 
41866 
27161 
20577 
19753 
18919 
18925 
19696 
19623 
22276 
21311 
51735 
33652 
29204 
35809 
23159 
22669 
21455 
25251 
24079 
23401 
48066 
31421 
26445 
24291 
28662 
24907 
25086 
25498 
24120 
24508 
44919 
26997 
26251 
20531 
19925 
35777 
24327 
47940 
23839 
21494 
91001 
31942 
27165 
17084 
16317 
17069 
15933 
16562 
15564 
16501 
37104 
23402 
17260 
15822 
16776 
15486 
16394 
15503 
19514 
18074 
57121 
26033 
20140 
16989 
17990 
20523 
17032 
18801 
16866 
17373 
39250 
28079 
19384 
17814 
26353 
17782 
17825 
21806 
20755 
17847 
40320 
27643 
20789 
29730 
19543 
18553 
19619 
19803 
19009 
18976 
44437 
54077 
19766 
18156 
16636 
16487 
17648 
30911 
20036 
22142 
38964 
28386 
22163 
19435 
19476 
18585 
23620 
21228 
21771 
23063 
38125 
20565 
18218 
18680 
15817 
15718 
16311 
20056 
16966 
15861 
37149 
18810 
18171 
16423 
17945 
16385 
15537 
16195 
15395 
15810 
35706 
28407 
17985 
16742 
15758 
15505 
15920 
223787 
22983 
28026 
38555 
19917 
23653 
17169 
15953 
15174 
16691 
20106 
17660 
17539 
37306 
22187 
19753 
17225 
15834 
15724 
15205 
21454 
22145 
15509 
35500 
25414 
21660 
21131 
20885 
3967597 
72739 
18321 
15654 
11101 
27425 
12989 
11436 
10328 
10650 
10268 
16382 
10669 
16539 
15839 
35082 
17550 
22404 
19149 
10481 
11489 
10827 
15431 
10668 
10854 
30914 
12877 
16789 
17904 
10563 
10822 
14034 
14761 
10859 
12750 
23491 
18073 
19573 
21357 
10342 
10966 
12997 
16990 
24341 
10473 
36997 
21657 
19513 
11584 
11786 
10974 
18024 
16450 
16765 
16553 
28417 
13477 
17419 
17362 
15207 
10497 
15104 
15870 
11759 
11049 
25905 
26174 
17333 
17268 
12591 
12563 
13289 
21118 
16182 
12938 
27395 
16832 
21120 
11918 
11350 
11303 
15860 
16785 
16280 
16860 
29682 
18677 
24661 
14877 
13129 
10324 
10634 
14049 
14275 
10165 
26425 
20283 
17449 
13006 
10499 
12926 
10829 
15587 
10818 
10838 
29492730 
129131 
630452 
120511 
103231 
95975 
2194557 
132995 
102618 
100704 
64588 
48359 
44010 
43323 
46631 
42629 
44378 
43139 
48113 
3233977 
744280 
67435 
48812 
49944 
53184 
54916 
52728 
68009 
79932 
51283 
80049 
66991 
54078 
53678 
52426 
47738 
50008 
47195 
44987 
47936 
78746 
53507 
54893 
47077 
42573 
43563 
45554 
45518 
46155 
869921 
72020 
53798 
47668 
59145 
49572 
46657 
44825 
56368 
73690 
47287 
74378 
51493 
56779 
53335 
49041 
76728 
48617 
45199 
45141 
41708 
63593 
45925 
43562 
78159 
45246 
44958 
45428 
50291 
83340 
61229 
68998 
50079 
48521 
48898 
46796 
52693 
47528 
48492 
43717 
42647 
76304 
58869 
48261 
44089 
45369 
46050 
43805 
46370 
47652 
43124 
72104 
52146 
53906 
46864 
45048 
51379 
45789 
76691 
51825 
75759 
70137 
50324 
45344 
44036 
51996 
50539 
59779 
43630 
44065 
46169 
77846 
50159 
9786706 
71874 
52493 
46484 
61801 
107082 
48384 
46922 
67428 
47803 
44554 
42814 
41324 
43317 
42856 
46852 
42594 
41884 
80593 
55383 
47945 
44150 
44449 
44738 
64660 
44223 
51525 
44951 
173578 
46356 
43156 
42324 
40349 
84943 
49558 
44832 
40603 
46685 
1599410 
66372 
45339 
51830 
46794 
42495 
39158 
40107 
45305 
39628 
100435 
47657 
43806 
40007 
45488 
42062 
40113 
39401 
43845 
36234 
63907 
42054 
49798 
42607 
35207 
34364 
38166 
37050 
40271 
40922 
84285 
63617 
52598 
46016 
68814 
56328 
43254 
39805 
37409 
38502 
116513 
54376 
56259 
37632 
35265 
38989 
36287 
33889 
35204 
34636 
79872 
48386 
34725 
46022 
37311 
34371 
34066 
36053 
44931 
41404 
67837 
49532 
52410 
40320 
43155 
37883 
39908 
37100 
46688 
38054 
64232 
48529 
34975 
32674 
34546 
56663 
36249 
32554 
31262 
32247 
76989 
45586 
134075 
41136 
35812 
38382 
36956 
35507 
36354 
36673 
61039 
43541 
39294 
76138 
105714 
88720 
76388 
44241 
40074 
36298 
77229 
50382 
40428 
36120 
33226 
33521 
36242 
37909 
35335 
24211 
57948 
41090 
40047 
43376 
35068 
32473 
38331 
39407 
33546 
34519 
69420 
6606925 
61489 
56914 
42183 
38202 
36424 
32648 
32641 
34766 
66837 
46235 
36716 
32724 
33751 
34836 
38273 
33150 
36917 
32464 
59068 
38192 
32112 
31065 
30807 
29927 
34142 
30944 
30344 
30480 
60750 
41251 
77202 
46290 
68731 
218515 
54865 
43696 
47356 
53327 
67947 
38203 
35384 
33202 
64786 
36234 
30423 
29321 
28674 
29988 
59552 
39794 
33443 
32383 
32757 
31501 
37082 
33972 
36253 
32494 
56765 
50866 
33572 
30814 
29562 
31061 
29453 
29121 
28028 
30861 
83779 
39445 
36337 
34113 
35621 
35570 
34027 
34576 
33662 
35177 
55420 
35898 
29330 
36428 
28451 
31564 
29843 
103697 
110018 
45592 
66190 
52455 
47036 
56764 
39195 
52356 
586895 
57584 
57621 
48414 
63365 
48555 
43271 
59274 
33751 
35521 
35104 
34316 
80091 
46940 
115860 
39177 
27170 
28620 
28908 
26734 
26448 
26366 
35666 
35338 
65504 
44621 
33128 
33360 
31954 
54225 
37631 
31407 
29108 
32861 
72403 
14797733 
49187 
31904 
28043 
54599 
40786 
27655 
25640 
25512 
52116 
42877 
27250 
26317 
23717 
23458 
24306 
24247 
24911 
22440 
52274 
29902 
30713 
23921 
23167 
24768 
26768 
23134 
22711 
23636 
50337 
33168 
27831 
39870 
32170 
43747 
26032 
34827 
30744 
25976 
575003 
74569 
57251 
60623 
477774 
62727 
61134 
470278 
67979 
461728 
55138 
47183 
27856 
30192 
25612 
27518 
25898 
27560 
28094 
28194 
86731 
28603 
24641 
23509 
24478 
24312 
24513 
25263 
22308 
27044 
71462 
45532 
26345 
26050 
24699 
23649 
24203 
23575 
26766 
24032 
55141 
89302 
36849 
25197 
24916 
22962 
23505 
22131 
26317 
25575 
49475 
29538 
25371 
30082 
24908 
24510 
26384 
24305 
24705 
23815 
77288 
111747 
26762 
26850 
27800 
23389 
22712 
26481 
33605 
23500 
51217 
28527 
24250 
22897 
25701 
26323 
25104 
29364 
25760 
22696 
49586 
41092 
33452 
25399 
27475 
25735 
22895 
24512 
26958 
25317 
53662 
28546 
24235 
29776 
22525 
26614 
24642 
23311 
22430 
21462 
57496 
36441 
26622 
23841 
29431 
24573 
24634 
22785 
23452 
27923 
51249 
30152 
26254 
28674 
26933 
29790 
26416 
23571 
28318 
25549 
69653 
44310 
32144 
30283 
28524 
30839 
32640 
29559 
28606 
30018 
49826 
30053 
27952 
24657 
24587 
23999 
23949 
25538 
24189 
26348 
49873 
32021 
25245 
23779 
24073 
24387 
23143 
22702 
24170 
23815 
50373 
30451 
25177 
23855 
23039 
26280 
24275 
24103 
23185 
22961 
87659 
33697 
28254 
25675 
27260 
22418 
62756 
35807 
28869 
24823 
55240 
32232 
24773 
23919 
23545 
23671 
22362 
26095 
23363 
23159 
50764 
29295 
25615 
24675 
24345 
24853 
25569 
27551 
8337543 
58612 
53570 
31298 
26103 
25279 
22700 
38249 
23237 
23058 
22186 
26641 
49542 
28239 
23080 
21703 
21454 
21598 
21479 
21099 
27338 
21384 
49696 
34020 
6209447 
65798 
35423 
38206 
30111 
26492 
26012 
31232 
62513 
35328 
21652 
18679 
18521 
18362 
18295 
22234 
21104 
20623 
59971 
32951 
24330 
22859 
23033 
22936 
22693 
25180 
28563 
26912 
50610 
29616 
24232 
21503 
20874 
23456 
23280 
22581 
21142 
21110 
48583 
28342 
23165 
23357 
22001 
21579 
24819 
21814 
22593 
23124 
50124 
30780 
24390 
23248 
22926 
24512 
23585 
25473 
22451 
22555 
51862 
32003 
25517 
8075616 
37513 
26206 
22535 
22609 
27006 
21034 
55300 
26772 
23674 
23410 
54391 
28110 
23470 
26099 
27210 
28390 
50936 
38893 
25930 
25724 
24413 
26160 
31640 
24456 
24278 
25156 
57073 
31195 
27122 
27631 
25482 
24515 
24625 
26735 
23871 
25166 
51177 
34592 
23621 
22088 
24058 
24323 
26116 
38113 
27960 
22640 
81890 
29766 
23878 
33048 
23904 
56260 
25571 
21004 
19585 
22515 
48149 
36344 
23531 
22137 
23228 
21487 
21585 
21900 
22006 
22429 
51428 
29144 
31580 
22624 
22188 
21707 
23230 
23152 
22275 
21826 
44433 
26304 
19902 
18596 
29386 
23471 
21931 
21906 
26034 
22691 
47869 
27773 
21779 
20338 
21010 
32061 
19504 
18585 
22476 
18968 
51311 
25363 
20093 
19113 
20148 
20101 
19887 
20197 
18653 
19799 
45813 
38015 
26499 
22216 
21363 
20077 
23204 
19135 
20674 
18671 
50137 
30565 
30807 
22428 
21986 
20443 
19443 
26903 
20519 
22850 
39941 
21713 
17311 
23074 
16751 
17314 
16320 
16410 
16275 
16456 
45486 
30876 
26495 
22249 
27066 
16565 
15912 
14281 
14233 
20651 
47836 
31001 
24013 
23851 
22099 
24852 
20789 
21510 
21543 
23342 
50447 
29940 
24418 
22201 
21623 
22338 
25140 
22044 
21809 
20228 
50250 
59841 
29621 
22677 
21509 
53669 
21995 
21512 
20232 
21805 
99321 
38879 
18633 
17477 
24793 
17600 
18395 
17649 
18071 
19145 
71936 
25165 
20568 
10689 
10726 
14186 
19695 
22134 
11127 
10593 
37404 
24543 
11828 
21747 
21254 
10662 
13884 
10974 
11939 
48743446 
96358 
56874 
54168 
57095 
51379 
49423 
54673 
61006 
62299 
109794 
218746 
1997778 
103435 
100825 
93120 
101123 
69896 
64426 
54089 
71129 
60234 
78162 
60382 
103677 
79728 
59905 
51318 
65712 
51162 
70010 
64512 
71586 
69863 
56931 
48094 
48216 
45683 
44698 
43950 
75474 
460626 
8245228 
63691 
54238 
46015 
45028 
2608808 
88720 
56261 
153641 
90776 
65504 
51252 
48117 
46733 
50954 
43483 
45440 
44111 
84588 
53847 
56747 
57775 
47346 
50488 
45801 
55761 
44767 
44402 
197035 
50563 
53665 
51984 
42909 
41362 
57826 
65290 
43209 
51995 
72568 
53094 
42819 
70860 
419236 
71539 
45377 
40281 
39855 
40070 
88493 
41972 
37452 
43184 
35762 
37423 
33963 
34393 
34023 
34912 
71914 
45349 
53613 
70478 
50420 
41351 
39646 
38545 
2518026 
59037 
60915 
43905 
75897 
56412 
250148 
43352 
39844 
43760 
40920 
67494 
61225 
42575 
36185 
35582 
35030 
38355 
40909 
93008 
63819 
42610 
65848 
40010 
35100 
42208 
35359 
37016 
36007 
36705 
70448 
40601 
65117 
40990 
35203 
37065 
35459 
37997 
35459 
68237 
39218 
34095 
63394 
56768 
38363 
47126 
35337 
34455 
34047 
32868 
32786 
51690 
93193 
52429 
44035 
41802 
35964 
32111 
36533 
32196 
33422 
32829 
56036 
36434 
31970 
96744 
89741 
43514 
34132 
34992 
906238 
50106 
55552 
44391 
33322 
37721 
32505 
32192 
43850 
43613 
37727 
55789 
59844 
44931 
36724 
31166 
30986 
30633 
34911 
31139 
35605 
33992 
67638 
41008 
38345 
38432 
32819 
31024 
44394 
32878 
32044 
31080 
110943 
88349 
4287668 
1125101 
100867 
84701 
68896 
82337 
73171 
77978 
98094 
77632 
73388 
73135 
135702 
69254 
67289 
77470 
71153 
84009 
101624 
82599 
73281 
70463 
69565 
70271 
68889 
68517 
69156 
69513 
60334 
55804 
37363 
32055 
29902 
28683 
29668 
30502 
29032 
28901 
62616 
38897 
36193 
34973 
59833 
67174 
41140 
35038 
34472 
34487 
64717 
39870 
34325 
32046 
32226 
38301 
32850 
32246 
32317 
31688 
44947 
28929 
22758 
82737 
54249 
38465 
35348 
34113 
33222 
35484 
61157 
38553 
34274 
33589 
32825 
31855 
34466 
31880 
31756 
31248 
64025 
4364830 
55011 
37949 
38023 
33918 
38367 
67724 
60264 
35793 
61959 
35158 
32185 
37669 
31559 
38850 
37137 
31886 
31162 
31213 
64613 
38809 
33238 
40233 
33432 
32434 
36202 
33218 
54863 
43297 
202375 
55851 
35651 
30790 
34285 
31689 
31025 
36439 
72988 
39045 
58730 
30698 
27918 
34230 
26943 
28222 
28018 
31599 
28427 
27367 
54426 
38496 
27631 
27644 
26252 
26410 
27961 
27947 
39368 
62731 
59786 
62075 
40370 
37424 
33542 
37520 
38773 
29975 
30316 
33433 
62965 
33595 
28502 
32208 
33270 
27250 
61368 
33072 
31000 
27736 
65771 
67057 
29820 
21856 
23109 
21039 
20390 
20000 
19780 
20599 
62701 
394073 
80382 
473611 
44803 
77577 
43942 
31021 
36529 
30952 
86318 
39657 
30394 
29302 
26473 
25105 
26131 
30243 
25469 
24680 
56755 
33387 
27999 
27587 
27544 
27694 
28118 
26986 
28163 
26710 
48902 
30798 
27225 
25561 
26927 
24562 
24246 
29063 
24270 
24975 
57579 
34145 
31688 
35758 
35147 
39684 
35178 
32156 
28302 
27473 
59480 
35775 
32769 
34804 
31129 
29578 
29383 
29112 
28966 
35197 
57773 
36434 
30941 
29780 
27206 
32217 
40196 
50958 
34346 
31508 
56297 
28141 
27348 
24684 
23689 
23450 
23924 
31351 
39464 
23456 
89899 
68696 
64627 
64607 
62701 
61337 
62093 
62399 
65235 
64372 
97029 
70415 
64290 
61664 
63654 
90822 
97675 
80790 
67006 
74425 
87448 
76175 
67777 
64042 
63836 
64181 
62664 
63602 
61751 
66436 
91882 
67094 
62491 
62497 
63547 
62338 
60761 
67269 
62184 
60758 
87165 
67957 
73300 
69782 
68114 
65566 
65301 
67798 
66623 
62261 
86341 
296428 
80783 
78203 
67769 
75778 
64549 
73558 
66921 
64192 
82158 
76596 
80445 
70350 
60519 
61359 
61518 
59709 
61005 
70578 
87775 
67708 
64103 
75193 
66522 
69998 
68644 
64928 
61261 
64383 
89117 
68097 
65620 
62836 
62990 
61279 
60330 
62437 
58995 
61655 
91076 
5430094 
85214 
67120 
61951 
62984 
60294 
62098 
62597 
79094 
89684 
81755 
71330 
61359 
59069 
59690 
61759 
64122 
60166 
62326 
87859 
96290 
60493 
60702 
61097 
58867 
61769 
63426 
61315 
59909 
78106 
60345 
56028 
58642 
56449 
63035 
57379 
56793 
57854 
57576 
83621 
66458 
62100 
61264 
60276 
59681 
61515 
59079 
61410 
66016 
79727 
62406 
75551 
64061 
59104 
58139 
60675 
59154 
55258 
55509 
84713 
64534 
58090 
58993 
60444 
95674 
69594 
59308 
57536 
65394 
83633 
63295 
61874 
101410 
66128 
58810 
64202 
85011 
58179 
59221 
80703 
61150 
60624 
60027 
89824 
58812 
61505 
74217 
61404 
74994 
86080 
59616 
56895 
53865 
61778 
58648 
55021 
57308 
54657 
54658 
90604 
69199 
65821 
63491 
65280 
64079 
64122 
63963 
65030 
62590 
84006 
61166 
66412 
57587 
62933 
59585 
56518 
55620 
55330 
55549 
99591 
67662 
58476 
60206 
57114 
57607 
56700 
55702 
60838 
56113 
82970 
61499 
57922 
56191 
57511 
65185 
60489 
56440 
58363 
58893 
99947 
68295 
65440 
60531 
58567 
78914 
60672 
59808 
69135 
65714 
81380 
64252 
62551 
71767 
63760 
60675 
62433 
62823 
59860 
59536 
92468 
1741687 
73006 
61387 
59778 
60173 
58888 
56815 
59074 
63342 
87345 
64554 
61719 
70860 
58342 
89261 
72495 
63110 
60868 
91297 
79818 
60941 
59627 
56302 
55895 
55406 
56339 
62601 
57431 
58313 
82762 
59850 
60756 
57490 
63527 
57261 
55882 
57616 
56265 
54811 
80199 
63068 
57263 
68277 
61299 
61090 
58507 
57902 
62205 
58422 
84592 
64175 
68021 
59214 
56545 
59208 
62986 
255323 
61673 
56800 
121272 
74742 
54261 
61632 
54729 
52620 
57670 
54206 
58468 
55363 
78428 
58642 
57631 
55650 
55998 
22857 
17149 
19467 
17990 
17839 
35619 
20715 
17280 
16086 
16011 
17292 
16966 
17183 
16291 
16934 
35196 
18964 
16693 
22076 
16412 
15782 
16800 
15976 
24153 
16252 
44748 
18281 
16831 
16726 
16185 
16077 
15574 
20043 
16225 
18281 
35006 
28479 
17748 
16592 
16336 
18033 
23751 
17633 
18133 
49260 
43684 
26455 
22157 
20633 
20124 
20100 
20175 
2165396 
31761 
21040 
36023 
20617 
19451 
20784 
20942 
17953 
52141 
23632 
17349 
16201 
46852 
20050 
17328 
16488 
15781 
17553 
45517 
22562 
18250 
16499 
43462 
23396 
27248 
17433 
16988 
17828 
17944 
16862 
17095 
16742 
35217 
21918 
17328 
16411 
17052 
16264 
20107 
16842 
20465 
16529 
34880 
19807 
16845 
17642 
15742 
19692 
15169 
15832 
15676 
15364 
34559 
19976 
17688 
16432 
16054 
42454 
18271 
17794 
16872 
17026 
70598 
16323 
13471 
19806 
13012 
13713 
18120 
20073 
12869 
13430 
39198 
19678 
16382 
15137 
11740 
11293 
17358 
16458 
11222 
13531 
32752 
22958 
11658 
11188 
10858 
17555 
19218 
19496 
23133 
17455 
36648 
26753 
20927 
16658 
13780 
13269 
16695 
17372 
12248 
11893 
27053 
16190 
13876 
12976 
17361 
13437 
17822 
19744 
13246 
13765 
31073 
36111 
13784 
13614 
11889 
18455 
12912 
50540 
14141 
13816 
25637 
15828 
13113 
13189 
20591 
16215 
15690 
11560 
25165 
12150 
67345 
26673 
13299 
19370 
14130 
13515 
11438 
13219 
13568 
13101 
36825 
15981 
15231 
12641 
14278 
13240 
15277 
12330 
12912 
17120 
29905 
20882 
14677 
12161 
13573 
14503 
20202 
17112 
21831 
15996 
