488113
279077
70703
48879
48259
34603
34315
63487
39983
36295
56778
35471
25340
34078
36872
36961
41918
38524
40187
38029
38089
38264
38455
37779
40359
39378
37888
28977
48884
42437
38539
51209
34130
26009
31791
34162
32806
55444
29291
36467
40078
60389
36943
33016
31744
40495
52457
36942
36170
35726
34474
36430
36366
80179
34873
41494
35521
36876
31864
37977
42930
44571
37454
46164
36038
32993
31990
33087
32223
40359
35988
32903
40119
33629
31587
29857
39168
29210
38304
24852
33123
21303
28502
21456
25480
20931
21281
25055
20687
21062
22461
20068
20667
20940
20909
22886
28783
65854
66407
64266
66550
75912
91080
99859
100677
179703
193217
237123
223596
137921
110077
448152
182538
153276
190541
174676
158549
138510
95893
100303
99440
220705
96023
96332
100179
125373
121478
175907
101471
75661
104695
97808
97634
92313
95963
243731
93172
96602
109233
91677
89489
148241
92911
96694
126551
91133
99783
97255
103559
110866
89089
92452
109469
106424
105116
114970
136115
80420
85581
99105
97896
138032
86716
95523
78573
101795
65653
150205
73555
77741
81931
78354
77090
93474
79268
76645
88943
77274
83982
106717
64465
74199
92427
97027
91634
87833
93601
94434
73371
74551
65181
100081
87543
105191
159045
440494
158708
164971
154063
248210
97948
241948
226220
128251
155538
97728
118674
152813
223291
148409
96323
91012
108655
118565
80738
106283
104125
105869
89902
117070
90807
106555
84000
95417
105822
75998
109150
90265
114201
251818
93247
95502
127491
91509
97534
87153
86941
86818
252567
232037
91306
98342
78971
97867
124854
93438
98837
103319
94823
94345
71968
103763
98654
154060
100476
245202
92773
89365
115135
120204
145303
101335
96019
98685
110455
198818
86718
99248
124147
217582
186106
141709
103568
116986
89558
419197
397892
184809
198078
543366
303329
277047
216953
94841
87394
98704
87682
79493
89468
94651
124270
86645
93930
88868
182539
114395
90080
97425
132377
91199
98650
416439
95599
88093
104846
87168
89422
87136
268829
132521
141882
88313
263821
96406
287695
85252
131405
95971
80201
139353
80720
625149
710076
73026
61698
62014
62454
34016
31257
34280
32749
30515
29250
28379
30585
29962
31139
30352
28872
27892
28701
31229
34810
40999
31804
31955
29794
30433
32068
29277
29731
31493
29115
28045
37660
32874
32517
57939
25287
30897
32149
30239
24456
24572
29007
32439
29272
30813
29953
28529
32793
31374
26749
26210
25489
27702
26721
27213
26625
26269
31605
33255
34112
36748
32902
27456
23466
25758
37346
33256
29789
31382
33411
356532
102694
40210
37372
33193
29516
30373
29503
29293
31121
36116
29630
31600
1043649
36776
33204
32296
37522
31268
29803
30036
31355
34476
30247
27249
27146
31473
32547
42141
34984
37343
32350
32897
42347
34116
25797
32757
33207
35577
29563
28637
9490584
114192
145554
140138
36647
185413
96154
116104
153656
106905
220252
200052
140505
46147
55119
72888
116666
197906
144070
176142
132424
54640
44320
123089
113274
57541
39997
191924
60651
220012
120240
200686
156665
115899
200422
123787
139398
45907
178288
103891
165090
190992
194771
39401
96975
96919
192096
208724
285279
78646
212678
40634
37438
31443
42360
47190
33714
127614
87873
41921
112977
33774
35881
29637
37518
33889
38090
32051
36176
35953
36005
44140
30941
41725
40334
51041
61672
663466
41202
86375
33048
123387
81289
103760
98960
36571
67247
102443
108569
158175
90333
149068
47106
115008
85581
95157
89760
135627
95851
100582
66512
116451
117183
105100
48175
161911
124137
124748
319705
77202
120504
110011
168021
123694
89527
35727
53914
37745
31023
24736
35800
29572
28953
25046
34922
34959
32410
164047
44091
36881
34297
34330
31286
35740
33047
33677
33147
36875
50849
38026
31772
34003
29416
33398
31833
32371
31404
27561
32446
30892
32929
35986
38498
33733
29940
31935
33441
113982
96083
33810
32836
32778
36476
35320
67712
68672
44356
40508
50216
35991
31428
31345
134331
143570
115897
56349
51503
145075
134621
156343
70730
129694
104834
176870
113412
140025
167278
98825
114910
226109
59439
128991
83959
302869
150074
113703
100835
121708
164059
142205
42432
193631
89266
135126
38476
90703
34961
37919
49955
33678
28785
39969
36741
33178
56030
29609
31461
35343
74507
114731
36653
35227
35431
34032
30504
35900
31543
38966
33088
34487
34482
33511
33960
34660
32084
34857
32671
48481
46156
37536
35506
38089
39942
29740
34650
33970
29507
33911
39070
29750
59437
30420
31009
31931
35718
35687
32217
33711
42676
32042
31012
29128
31722
36740
127612
81269
112906
75844
154838
105147
98640
171973
49755
69969
241067
114723
123277
4744577
51275
32138
105733
36000
33550
31783
27164
28815
50173
51819
58669
50616
33908
36850
35194
34645
32853
35268
42398
36449
32382
30571
31162
34691
36884
34078
38003
34637
32662
31630
32715
29031
31112
43025
195021
101612
85577
78220
36418
35794
36855
39897
565404
105284
36329
38505
31930
34691
37826
31301
33934
31332
35902
34379
49411
50288
30225
40885
30336
30781
30623
41659
46488
39259
37753
31419
29037
29678
31183
31739
36026
38084
125303
31059
29509
28105
52731
37948
74570
78101
68378
38017
33306
38353
32530
30527
28618
28346
38409
35785
34368
30493
35351
158775
66516
256024
117633
214721
129327
219870
83819
38719
132924
106598
69095
69254
101402
126185
110049
147259
454022
157851
139698
215734
154688
116982
326152
111963
46819
45300
42145
38368
34587
31182
33719
34616
32383
34024
29583
30199
29152
30795
28755
30838
25151
36437
33277
45217
31930
33629
27897
36948
37138
39831
31054
98867
30330
25807
23721
32088
29705
29218
28597
28036
27430
34320
29748
31696
74699
116246
239231
204839
227082
227034
163401
92939
71535
286672
73792
34903
87188
108129
120734
95690
160111
37155
129576
206185
37977
182752
206349
91651
141288
269674
464888
99895
126101
91415
69471
32268
60247
11193651
27904
18934
20708
23116
26567
20778
16855
27414
27507
21911
24794
16924
20993
24795
20216
23487
25329
19631
23985
23784
21452
23892
96921
79236
61786
50479
69054
22273
23243
20500
17354
23164
25923
28479
25737
27793
26967
27022
25016
23889
22066
28250
66283
23055
23374
152917
32560
86006
108938
97266
76578
67672
99763
166479
429753
79950
129383
83039
71424
139701
38049
168999
105484
81029
78889
47805
33679
28871
28843
31287
23110
26460
24156
25545
25978
26075
20376
22551
19380
21388
28252
87428
63421
46136
52794
140525
95834
23759
26310
24210
22653
20699
21015
19075
18022
22949
624400
52140
39394
41568
36212
40744
55080
50844
38874
34939
34247
67996
50958
52517
47629
26556
26587
26421
26736
30114
35692
35957
38940
33541
36115
39324
34565
35813
38939
42843
37288
47854
34550
24363
28759
36715
38103
35248
35630
34828
33487
40601
25516
37773
26561
35433
31276
35452
33915
38369
36002
39472
39029
35717
34792
37586
35002
33996
33900
46275
39570
98096
41120
34903
31278
34288
41201
38124
52157
39020
32567
31123
33593
32475
32197
36116
38060
41331
38272
33792
30873
34047
34545
37904
41219
32687
30720
32251
33713
33696
39934
110644
113540
101765
102154
134316
102817
99087
93973
99973
112597
135592
119352
92360
90279
97616
88510
118352
88897
99684
91749
89349
97324
88705
125716
95266
104978
91556
56944
40006
42247
33750
34171
34622
48144
32318
31922
115126
36572
45662
33914
32535
36359
35050
32425
39450
33050
35611
30792
30404
30865
31148
30031
35003
31307
31232
30338
31672
31488
22910
27706
29205
29442
28385
42454
31462
30231
28856
26877
28420
30131
27083
25809
27955
27082
29296
28197
26848
29209
27432
27418
25860
27825
26244
26140
24812
24624
30285
23822
28565
25740
35436
30941
31542
30208
29572
31074
30131
30400
28703
32773
32033
27986
27988
30841
29019
22893
29629
28145
32585
30268
28172
28235
30689
29230
31252
29907
32177
31277
36843
29284
32752
30717
34638
30060
29249
32462
35281
31574
31585
28873
29019
27654
36887
72577
72745
149603
97138
106366
115360
205795
174689
83775
174008
143228
184288
197161
92855
37774
34524
34920
41952
33993
35772
108623
25596
24999
34762
30467
31185
32426
37752
59507
32642
38986
55795
33070
30568
84172
47352
101496
95766
143421
89208
149308
90078
93951
109537
88321
78140
72416
94955
88367
117448
89542
79464
69928
83422
102231
82067
100462
98543
96453
85540
99019
396375
93896
91193
115174
88023
151568
163526
106208
103437
104900
102773
98771
91602
102890
115795
101400
92481
126708
96622
93205
115811
94149
236387
98004
105437
93438
114524
90979
86910
88201
91953
89689
89394
121337
139282
176095
286987
245213
246624
210270
136548
132545
265516
234843
202534
96323
82479
81232
81565
94198
95735
84692
103858
92157
97075
87259
87140
88499
85915
96583
87025
95635
93047
118195
137296
644407
91976
96047
89615
125674
93040
119798
198727
83923
102146
94326
101115
85519
122841
94682
96621
95908
76140
93866
68894
84757
70092
111495
83793
99693
109905
98392
87898
88842
99613
86054
95943
84683
109714
116713
88549
87238
81027
102596
83185
94967
90632
87225
122534
67433
146769
72213
89446
80718
93288
86491
82409
141908
147253
92236
126000
138443
186034
232391
197830
84347
104053
85663
86616
83994
68281
86294
136244
116333
91963
85764
91388
96224
88071
66861
73586
95622
85657
89937
94901
77478
96679
91804
99317
823111
262786
467527
124131
204002
166332
109415
95341
222507
95541
102087
101471
92684
93737
102618
121297
97019
85572
72292
91750
101162
104912
79464
98067
90873
121319
89595
101590
100626
95311
248814
282690
239981
126268
218827
200699
197936
214109
221330
97644
103329
141769
191444
189866
201704
159445
316426
173915
203911
130341
301502
147011
232970
277040
118859
156214
236147
298604
234117
105758
87861
323618
251700
281546
213274
255803
144901
258007
141552
229301
176306
102235
117056
843866
213669
228142
229802
388600
262267
205119
254354
131263
96008
140685
178995
358238
2090948
211712
183573
300410
305936
1276352
302513
317855
141660
335699
292714
253192
404472
215897
181055
263512
200328
322597
173691
124307
94861
205846
1993643
88591
132195
91967
118834
115058
93617
110434
187523
82532
354791
289846
177862
83240
82734
100596
366828
233200
255551
142512
172336
152128
222933
121542
87859
296486
182080
229328
133910
93585
157367
703909
164921
146917
168195
212191
246999
90640
158324
86055
126533
86851
121955
94941
101464
189726
95486
84910
101932
110762
88496
113972
97239
113945
95737
90325
91495
121319
97387
181854
79743
76593
85703
78079
79344
124238
84368
85362
94117
143492
86930
125629
110993
78900
92908
67897
76007
139652
90292
93605
86456
82228
91129
72960
90798
82949
68298
76548
85134
75706
74639
73559
96240
86171
84267
84880
92073
130854
116178
70230
103675
83155
21324374
35838
31505
33988
29853
32194
28047
27462
28793
31801
30424
28884
35710
38936
33077
26837
48674
33558
34827
32337
26471
30108
32894
31670
36537
30057
32600
30579
48411
50000
32023
163257
103801
89165
107632
131390
120788
181964
169272
84996
63548
151025
109672
75634
163294
92285
93965
54597
98566
88940
55539
47007
129759
73294
56030
32377
65891
154112
116009
104164
78516
113166
103490
109764
169402
63046
61584
121330
127979
131282
167823
124689
123990
61580
132858
57675
35141
58314
138944
231405
128720
176137
89752
85683
138572
67446
47219
127475
90673
428914
108603
253846
150431
378972
114226
80871
77071
82161
68432
114776
76609
186164
138950
51402
76571
239909
115842
223103
115233
99720
102319
110176
122176
51982
83642
134584
96532
157606
126503
103254
108599
72570
186016
155571
32516
30992
29164
33681
31366
38569
37012
36470
37358
130288
145057
175249
141585
35208
37099
41529
39640
44345
31386
29440
32181
36268
34052
30205
43148
32295
39687
30015
33868
34874
29992
37836
30848
30129
38931
42237
32976
30710
130313
29377
241731
85770
35654
35979
35974
82791
36999
23790
22963
31110
27801
30360
32715
23254
23403
29039
42030
25540
27368
41255
26475
33236
28589
33936
37986
36489
33977
36773
28832
30752
34317
26358
30999
27695
26550
32023
31696
32328
34792
39041
35241
89907
61645
394579
115980
127137
96927
136133
222595
72450
198952
131377
56161
36596
34346
33638
33799
30609
33874
77951
27890
26461
29607
30118
25566
47555
12155558
33507
29766
30499
29557
27386
28079
40135
29923
26901
27394
23586
27275
22314
27267
25650
27599
21060
23538
28204
30631
48602
528170
28674
135154
215465
210158
92703
108967
31253
63689
30922
27987
30040
29361
28101
30011
29033
26125
34056
34160
31330
108893
30099
159430
30947
55826
122731
63327
44915
28201
27165
25462
31717
80924
25312
156921
100191
91576
65274
68655
53921
149475
59428
32564
25245
20539
17247
28142
23697
20564
21381
19824
22530
25021
23026
22287
23143
23014
23146
21742
19827
19899
22533
24434
27654
21760
18918
22202
22192
84304
26955
23686
23444
18611
32975
42856
28596
20875
96547
50443
2099809
127785
28041
23581
24528
25753
18382
17662
18080
21489
56238
23253
20642
30771
393360
23218
94187
53742
52781
41727
68574
80537
75244
42309
45343
603891
40996
26337
26983
25332
24026
23305
35387
48874
32099
33196
33243
31226
30964
24889
24922
23506
24744
28640
23520
23022
31548
24017
25646
31823
33542
37505
28508
39341
40417
28750
47944
37402
46728
38094
38599
46974
43824
48210
71667
37266
41068
33927
38642
35088
35492
41809
38691
38097
41870
35041
37006
46410
40534
37648
38899
35285
33991
72635
40826
41890
43543
40289
40053
39527
38124
53657
37121
40961
36020
41928
37609
36283
35672
39505
44106
41721
40684
37726
65791
44544
71535
147252
87133
72050
109454
41611
41864
37617
40277
36920
34747
37927
53497
59921
53723
39810
35912
39964
36801
49172
40353
104758
53525
52019
44773
54513
205171
66261
108616
74977
34559
28568
21944
22604
26048
20840
26116
27770
28876
29525
29422
29330
30261
30184
22850
23182
47044
26633
25986
28562
33381
30537
26428
26473
26601
26979
47313
30329
28372
27144
31708
24319
24709
19836
19614
20136
33879
29142
30478
28361
30942
24645
22596
27862
25622
27760
45064
43741
29469
34480
34242
30018
31373
27745
26302
30381
20638
21709
51807
24147
34851
101263
77759
81595
94009
98085
95709
65588
126392
95951
72783
91003
88483
78193
82817
86179
78225
116825
91128
104202
84626
91443
75354
89914
97781
117434
82283
95975
84496
89497
167007
148417
167764
247706
280080
195355
92668
91711
93085
89861
92496
98062
88298
70825
92728
86856
117143
512688
225228
152217
159287
156435
143243
212924
74975
69628
88780
70946
72458
77404
72462
69907
93355
85879
106417
97126
95624
89699
119745
98050
71933
90821
88845
95792
106686
97913
115298
95941
130704
137628
103529
98115
114085
132454
161469
72566
97330
74024
71805
85457
81889
105204
75098
120531
93089
96192
35042
30459
49756
22861
24306
25703
29938
27927
25827
27775
27411
26532
27703
30600
29443
27851
31912
31334
77397
28263
58179
71754
67728
79382
78780
89497
84876
25158
47847
24219
26298
29779
23557
35224
24347
25406
24216
25838
32070
25576
22792
50407
32197
88701
80064
66460
85275
64906
73158
51717
52086
63588
80081
109110
100286
28659
33037
34761
33323
34025
28346
31662
46133
34259
44236
22734
25364
26090
26578
28514
30624
27641
30230
30333
29802
35061
31405
31783
28740
30408
33028
33817
32916
32957
36289
40845
30730
23184
22517
35037
33922
26624
21777
28984
30970
24795
61419
32080
29946
29240
27924
29424
40888
27819
25797
30675
27434
25739
29652
23128
39127
30527
34165
29559
30182
36993
41984
32965
34529
26544
30529
28315
28136
30667
26724
27696
26016
32252
31345
38188
30736
33322
36194
29326
29136
33083
36051
30839
36280
28863
30257
29848
30330
34896
31968
31549
32943
38692
30736
32744
31153
29762
38195
28189
36505
36068
29861
39592
34664
32096
32532
31606
34955
30978
41714
55850
42330
52324
150717
118480
90474
93487
77128
121485
60349
36456
28104
30215
32218
30097
42532
224071
164036
100732
89346
80733
69157
194978
91164
101986
84633
114494
41407
37243
39532
37396
30438
41322
35946
61432
33098
28378
33130
38458
86052
73904
91480
91497
119098
105831
100077
103286
110667
104336
95371
73520
95908
87020
120641
109417
90129
87833
169372
270108
99787
109915
120903
105374
133847
106626
96819
90582
89524
88674
89766
87835
97421
67741
86510
92371
75609
108669
89208
117811
208358
82110
88864
117949
91720
92510
98312
110828
106782
109907
83169
100186
94059
86113
76184
178652
108368
118993
499628
179756
163735
112478
101705
115139
119369
109017
270823
146620
145606
252305
175336
67682
35195
33434
32043
33855
34821
60585
32636
60407
113203
103218
68835
100340
98354
122838
32517
31520
29151
29525
31217
29271
26879
31972
26349
28415
26324
27748
26682
29596
37400
41519
32811
49743
84863
331905
149756
132987
128332
45968
41735
53683
180938
164690
76034
87765
79889
80267
122960
151277
67802
39847
37914
176994
47611
36122
31380
36760
34709
51043
63742
84573
56705
60815
29194
61468
32871
37086
39133
54286
73611
169573
112218
129850
93394
102010
184194
106063
100156
151573
114980
112003
133930
101112
83928
44738
41175
60016
82937
118785
132290
68350
102878
93687
162528
152410
103963
109498
69790
120586
88923
45517
125187
100527
100624
62346
50259
57336
30670
97949
124538
57612
133206
89612
100977
27148
39140
35512
42016
120415
155226
97578
113843
87098
114606
38859
28508
57138
98663
98847
79479
62395
60573
61115
100969
99770
118603
122968
110273
73557
101645
98503
137096
176718
146816
75531
34399
58731
119218
93783
100131
116414
43142
142874
95295
78367
100135
92302
36639
31764
31656
37101
35242
35516
31333
32836
31791
33538
28720
26050
33092
32350
32712
24839
27934
31367
30498
30755
32504
30681
30583
31485
28417
32219
29419
26437
25893
24655
26180
26377
37268
27218
30304
27331
26731
27512
26711
31157
41137
31433
30363
31130
92562
175034
190124
147598
32295
34465
27484
28948
33321
27645
28280
34942
24008
33901
25901
25714
40807
24243
26455
29061
37788
26111
27482
27110
162005
105869
77002
97551
92453
102905
38902
31939
32757
31807
32595
29722
34676
31787
34106
91916
25342
33865
31864
34686
36765
39219
32818
39665
37740
39756
36425
38359
30601
30849
31603
28701
28989
49377
33159
32186
33231
26371
31497
30573
28877
38729
31809
24944
32447
33432
35911
31661
36766
39941
36169
36908
38381
42467
31593
39193
31301
44092
41270
44706
73002
141772
98751
102056
96508
112085
110427
103551
97751
95965
203880
223726
201833
287359
374592
140311
292165
146076
144148
204487
39127145
98675
65495
110006
78881
57561
57977
83715
119160
113594
155614
98308
85478
101827
83664
124928
93250
67451
61021
134222
171952
122541
65631
45509
311376
143608
171096
127040
74750
72785
113513
115699
60082
100520
95558
136044
160308
95104
91412
92690
146104
54042
71106
162086
86626
63107
70198
84162
180499
65823
164835
210805
88643
94598
96032
86472
105071
61931
84148
146057
156932
38209
34281
37634
43710
32362
34554
27123
34128
32633
33104
33439
32462
33571
34925
43367
39069
33825
38387
35016
46696
26529
37054
32819
25489
25676
40691
24538
37230
43248
31304
35203
33708
68596
54515
32020
35758
35162
34364
38369
30871
26196
35393
103803
197878
152375
123144
75703
34409
27690
31646
26872
25248
28915
30863
45523
32307
26971
26252
25384
26882
27075
46691
30106
35003
146438
76933
56802
60473
71898
86051
27765
35996
32022
32106
35161
31006
28899
24124
34260
33372
35932
23694
23171
22200
27896
22307
28957
65781
31386
41158
22281
23971
539153
101313
94594
30784
25163
23792
26876
23386
25466
24383
393278
48747
30003
25494
26906
25156
26687
24015
23555
23483
841351
44656
41214
38200
43331
28406
32219
31954
73845
56666
703695
43863
35113
27533
36670
35012
33994
33809
34368
36248
385160
63553
34872
43008
38902
40392
38696
36921
36924
45759
363303
98330
129210
95671
57009
32561
32663
35096
35647
31004
669598
51140
37918
34590
34195
32593
36531
33307
31492
35036
698748
43338
35440
37376
34416
31122
30022
34395
33068
40295
625827
52550
33236
32817
34152
31921
33837
31714
32549
32888
43815
37387
42383
38275
43721
28423
28631
46074
28237
34508
63379
44410
44162
56813
36420
38972
35021
37633
41896
46373
123336
538929
188914
177385
143579
246752
116007
134713
184929
151208
180170
209440
114204
106125
108855
190940
168959
109824
112334
145149
110605
208486
84385
108814
99373
83743
110344
116163
92391
134904
88534
80646
95002
146444
77714
84910
95416
92826
111018
121868
113664
191283
108086
82278
91551
68085
71387
96521
86296
92676
76438
99229
114840
79895
73995
70474
105514
89857
93164
77508
107029
97718
120244
105886
101153
140396
103855
99354
127807
93124
100366
98719
84876
100360
88365
87672
87706
94999
100826
87775
77348
70235
93325
94519
76980
100080
110363
122395
102606
95100
159213
326051
390516
119045
154092
263800
206197
256230
119624
194586
361880
166206
159058
108147
173926
158782
204756
235522
223529
115512
101569
89099
140432
153178
171915
150527
188994
100592
99412
155420
168525
94258
83013
66574
90114
108950
85258
72371
38565
41700
146032
162416
101447
105333
149494
124874
90818
60792
68617
53808
73500
61795
82653
71877
68079
102371
67215
57958
105827
130890
657663
55654
34971
33239
33123
27202
26977
25262
25324
33561
44883
34009
43840
37039
33298
47296
33080
32247
35684
30499
49849
36129
36440
28648
38659
48097
47990
42821
44145
38990
129324
177025
94039
100620
109321
140924
82741
71356
128055
99186
86058
151303
102351
80577
77451
69844
89798
97191
68700
78647
99878
218418
118475
99821
128538
117628
114211
94650
108730
104679
121770
122670
99204
103480
105661
102550
81787
86817
89880
81065
108922
113540
197430
146216
114626
98442
128309
108139
101758
111179
138446
166269
289672
169032
125943
101154
134476
104485
116321
104180
106237
200848
117863
110966
112810
142721
97979
96143
75301
104211
99507
90027
77341
69268
90941
95231
71034
73230
65750
71723
79601
69974
95318
97387
82498
69494
96416
102051
106367
88767
103672
166829
151923
99673
77321
84090
88130
122848
93678
121813
76380
79903
71817
106352
89473
140053
102079
89154
88875
113704
69240
115090
88221
89921
103983
79866
74168
109475
23226
36087
59418
36769
38211
21574
31074
22688
28019
36023
28337
29259
24448
35201
28225
35010
41654
29585
27475
28084
27870
33120
30684
25107
21057
20870
23095
39225
59347
25871
35980
23718
468362
40555
33238
29785
30126
25438
25792
23792
40874
35689
46729
105631
34377
25055
22525
26044
24578
36345
27281
23775
54307
32677
37698
32603
36610
52071
29777
35575
51182
46025
526305
51314
26530
32124
28667
23873
24794
22973
23168
24553
523490
44346
31491
29639
35249
34910
75645
35658
32865
36781
173871
169048
70543
66766
66068
68266
43159
80261
77171
79231
413329
44939
38016
28255
24710
34521
24974
24320
36002
24108
50539
30926
39962
28251
32266
28474
25419
28834
24555
24117
582682
49946
46729
34530
33377
36458
24708
31468
24078
33023
55263
46995
84250
167365
100874
100213
45527
47004
131281
100827
787329
787483
787406
140740
193107
173088
37831
42794
61889
56440
69138
58691
54013
65045
55824
61597
33886
33127
35087
34159
36901
33178
34248
40910
219492
37069
38512
36577
35353
32514
444973
50077
47908
38184
36047
34631
33788
33904
31190
32240
47368
40907
131297
40542
37870
32817
38619
45785
39760
35243
424436
56919
39921
38518
87406
131285
79309
70380
46824
44344
49086
46196
39276
39667
45429
36084
38446
36582
28519
29089
566478
43546
37425
31290
37359
35764
33051
33425
34000
34415
114465
163029
146838
43519
41304
41736
43589
43365
46493
53561
366677
54652
28106
34062
35745
31672
31988
30131
31723
56944
51971
44346
40826
37259
38779
37948
35030
34388
36397
35289
49633
45742
40845
38358
40359
39329
35812
36399
35624
35383
