<<<<<<< HEAD
67343221
38240588
15942666
16946558
27487818
16211929
13992035
273371
752061
378468
192445
202840
179731
162618
200811
186106
187156
159129
162776
167083
185646
185496
507498
432403
810753
372163
369573
430399
515943
13777788
191460
182131
175774
165724
170380
166484
172773
170341
162562
205103
180430
159638
219073
163046
173719
168196
173798
175664
177759
174241
174348
166951
159296
156425
173390
170664
173893
170596
179477
165421
203749
185876
183251
184579
193521
181767
175420
14220430
23633666
2322259
185285
182006
179298
177527
174863
176201
174504
172585
178027
172293
280928
396505
365311
183564
193545
231181
1212899
186718
178248
172458
643559
391236
361058
507833
333028
335642
314133
326635
270518
1266932
179201
179224
174373
168516
171190
178750
173549
163398
170129
176404
280236
419429
522612
401629
419788
524578
343745
277435
399283
541477
324086
165183
170720
161460
170031
167300
184755
183281
173936
177170
322008
302555
465831
291242
805375
391712
755188
776645
754830
181035
191069
189090
180722
187469
251445
170135
158438
171875
175702
169341
237086
291121
477656
335982
434092
602623
317815
332467
293707
308514
427300
322407
291914
282153
262055
385428
393016
181411
162525
168326
303469
298572
397563
367550
175564
171650
167286
169585
170293
160712
1113358
384819
362899
359419
404344
445993
376342
30306921
685053
1022382
513530
356783
365399
335027
342939
357446
342170
457605
338314
342413
1012136
697848
757026
561625
552328
499824
982250
730934
739890
600162
14475872
641874
765306
332785
387809
384121
322869
394931
317164
352255
530482
437723
389428
415464
364977
371018
381828
333744
383363
390215
437910
1104192
805232
740927
607255
591972
619111
756444
531299
821834
373566
391297
360310
365319
363619
377900
366001
335370
364889
338220
361849
386536
442597
181821
190290
190392
169510
173632
181487
172559
347850
293949
271940
374866
385953
291997
288265
460879
385318
358759
194139
185872
180481
181979
183603
169179
164188
166444
161876
174719
278977
304285
551925
304278
318413
342069
168760
166897
166047
166232
239020
270348
213035
174764
404338
221337
165596
185765
175607
176327
190311
185337
180183
182458
180453
201118
187959
196108
181510
184496
173796
176618
164075
149183
168962
151328
261897
246203
180911
231813
157437
180346
170261
167931
167491
172976
160565
164053
160132
150952
232114
209213
194859
235262
606157
264865
312502
296164
17701410
399689
204921
231811
210731
227640
205916
202575
232195
199840
195299
194144
493373
417399
213047
333164
527227
339123
250192
348455
212302
221238
309111
380653
352499
198042
186973
195007
205124
198686
186159
183595
194834
189443
195402
189327
186770
203453
180422
188113
179258
190967
188547
197355
222320
368108
194358
209720
251808
234568
199667
282084
337642
356837
302899
257619
345240
484882
365149
219595
178569
209902
594843
305058
451279
445914
200811
185215
181353
170516
183275
175006
193819
190983
207810
209322
230098
181631
194908
198264
199989
124967
191984
179737
183161
184464
183673
175818
175566
200363
196594
182396
186674
218400
218964
186750
232214
176126
192994
193670
207983
468354
249086
227634
221793
333086
373849
302776
244166
228462
436348
349729
302107
441431
354803
391485
401653
400147
224565
170368
166662
160060
228874
242377
208805
213550
193796
202020
203331
257244
311535
269057
192837
152731
157757
163646
178481
160490
152565
147973
154870
152094
158724
153535
155202
150870
160572
153327
155397
165396
303887
399405
176936
173347
178117
165507
128123
132241
129087
172618
170879
165857
164850
165140
163023
170642
165585
166054
166464
166344
161602
159307
175663
221509
171682
162915
155897
162060
159911
162015
160741
231120
173961
151228
149239
151832
150166
152631
143167
141807
150325
146187
262959
331476
199989
192739
186160
179553
188091
345586
297559
243331
184448
187435
211595
156733
158746
163510
160992
142828
160950
171609
188492
200373
160248
161818
248285
263293
188606
188654
313420
539888
218161
178472
183120
175325
136975
161434
169350
170368
172988
168605
167385
169715
166647
166777
164970
161662
163738
160546
166245
160433
168782
168649
167857
259146
203155
195879
188133
181476
169733
178410
172437
236115
527181
351882
292519
365662
476713
918058
318926
248855
224138
326401
311247
465202
364141
256211
187046
179779
145003
196031
181476
167587
175581
185238
180312
187020
175402
186973
176824
177630
142733
148380
96943
99147
98718
96974
98869
96494
95771
147381
256428
226559
230773
234520
237111
341919
288627
280602
325440
283147
386443
194218
175928
178785
249833
576137
336889
278099
310193
513896
148016
142306
138212
166844
171157
167758
161339
167978
157166
156571
170072
165833
158778
166350
140502
132808
135994
166657
169517
166603
236722
182287
248107
365096
233557
325884
421976
345559
349772
246292
174034
158225
179292
527529
158139
186624
154367
242960
160600
163469
264888
280550
359505
403163
250946
233489
245372
660068
275040
310362
400282
247908
213235
222155
212617
235402
268107
343673
168606
160224
163587
164269
152349
152762
145838
144343
152171
141461
149698
170657
172889
156326
245909
336909
461183
243757
220971
217275
200621
213073
145387
176891
151942
175846
156375
211866
197484
163620
189891
203079
684240
239166
333852
344168
440047
306605
615634
276630
237027
262663
183397
174751
167476
176397
168139
165940
161597
315402
145941
148690
171594
207045
164767
149107
161404
156240
159863
216897
155351
161418
238744
173202
169319
172639
179097
176868
171840
182760
243762
172308
322642
438357
396163
229521
219889
230743
278193
409366
259294
223221
175158
162445
167210
162665
158833
159932
157662
160221
163552
163775
173293
184223
176504
179173
170499
182434
178235
169790
171781
168093
159047
151349
162932
163345
160179
161844
158875
163539
157063
161508
177411
203702
187124
167739
206078
358564
356855
244985
229830
229142
338973
272487
358058
169514
1460392
321461
252264
275367
262318
313781
188838
170845
173393
162908
168262
166314
163443
170878
162957
162344
151942
156427
150243
153772
150889
158886
155381
149740
155438
149553
297386
240033
164008
162389
1165762
173676
173832
170526
166522
173621
167486
157955
167369
160845
161669
166755
163322
156841
158764
161497
107969
140664
245470
623194
328378
338109
369087
171152
168450
149813
168744
163521
151482
158446
162110
177080
158837
186544
172741
156554
180424
156078
164144
154317
159398
18497842
25068683
14735170
13559923
18253529
16101315
1687906
1657438
1581838
1646530
1902370
2175561
2246802
614371
730550
15599850
1848120
2385181
1584813
1489243
1490308
1721139
1623025
435670
433222
14068571
1765118
1535209
1915995
1964839
1880934
348185
396332
338598
311381
18317779
2161210
1935885
1644380
1552776
1910834
2248283
2090265
1761947
2176006
16003184
1653957
1681517
2397717
1956263
2005795
533449
458099
355229
354372
12444826
1570699
1718214
2047098
1706151
1968579
1909892
1818548
2073213
1569965
18214438
1725639
1766610
2510498
1582244
1981207
319690
449652
520275
380221
15770963
1747802
1716685
1633211
1806652
1532731
782460
444258
311131
313319
13656495
1981421
1625591
1764027
1715050
1558185
1807366
1870288
829202
471844
12350471
2012839
1846379
2060701
1650725
1677136
1840059
1506174
310907
305317
12303404
1793386
1740002
1562960
1639666
1707520
1696368
1590924
819233
318777
11507541
3000523
2403176
1951779
2657000
2779475
3101825
2941692
2896195
2498038
15191674
1779284
1776461
1846005
2666158
2850633
2990068
2728498
480128
581740
18316823
1791031
2298930
2204356
1532214
2126611
2719179
2075961
508065
513713
191013
114647
148463
153845
167232
144705
112982
136491
163928
124123
113030
103924
98645
100651
99304
96431
98304
108873
98452
99905
=======
32986197
2179457
3266713
2361392
3086397
1161780
1238979
424614
459959
428753
185618
159018
176357
154035
169273
182764
175388
171288
169709
172555
165323
159664
157733
157769
155780
148593
143269
148459
137904
169067
176460
175125
169240
166852
158965
168288
168804
166992
175427
174974
200004
157661
555526
160290
1167483
189221
97423
113837
122260
90782
4986384
185580
173492
180220
174172
165125
172899
192328
161276
169081
198977
167115
179837
177992
165495
170704
175478
180813
141916
4688068
197668
175880
171212
152819
159597
175959
162553
183973
163579
179591
206492
153377
152284
161837
160964
207126
169545
201572
158227
153056
747124
163044
176304
165275
172113
178682
180785
176188
174104
170098
172914
171304
170521
309766
296129
306444
260400
265982
283836
275787
280028
299952
305603
282171
3089021
253395
255484
260426
276983
272804
342095
325099
7117990
284575
291029
302356
297172
308148
274379
293922
279986
274284
255611
268359
266906
250048
285453
278121
269701
286342
311654
1042303
290814
287324
292053
292609
295307
402471
280768
344029
304364
258210
259913
254548
253868
267054
242771
277026
283408
245086
298400
273658
283078
270630
283654
279088
275867
282104
274130
283046
286435
271648
272315
281980
272632
278818
280805
279788
279200
270680
288665
287516
275511
4128267
304751
264682
275804
283069
253711
256278
287821
291300
302583
291752
290392
283274
282223
282690
284299
280692
244002
261909
273950
268744
274884
266866
262271
279698
245373
268084
292974
295101
287644
277251
290658
283366
299599
296698
277425
274661
301832
6460993
295466
271974
272515
282142
270631
300516
272166
275859
327832
190605
176036
175815
198713
173013
175615
174073
177474
170108
173013
160191
158866
153009
169468
173658
182228
176733
143929
154622
5924772
202053
171626
179112
193037
186481
152301
160268
156450
158936
178439
161713
168712
165443
159027
130033
142482
150899
174614
164045
178621
169570
168637
170738
162589
157244
156105
157392
156956
139325
185182
175230
170122
4195381
193036
188219
181174
185882
177906
153346
141001
184671
181834
179436
173190
169406
180766
130391
181413
171192
189516
182502
184537
176584
194978
182137
173040
153909
173525
178402
195139
179070
175363
174264
170547
175813
175070
179619
176557
176210
185450
175147
162492
164765
167018
167951
203894
164625
173865
169708
146663
159207
174024
185275
240853
263738
153905
188655
171235
171574
184212
177640
166499
166718
163022
183711
181105
183454
175749
178241
189996
148777
135726
143606
149720
129607
140143
142935
140803
130673
149196
158075
144082
154673
153835
135940
154684
131873
157073
183062
165151
154326
161679
155394
154192
139749
142038
146692
130818
149353
174900
157764
172158
157476
166428
162249
163572
161064
159619
149985
188641
165186
171566
168742
177842
169176
176411
180511
173679
175431
167108
166140
157767
164881
158022
271314
142400
166645
172659
167830
166764
144570
169337
153782
142974
135571
148884
162151
136966
185107
182162
165977
170067
160078
162029
162587
161810
168084
175197
175510
144602
162530
164153
135333
133780
129383
135107
135185
141253
151493
197618
138475
145195
132101
146822
136282
167559
164324
174023
8592440
193487
177550
173450
171414
198991
178138
168222
173978
177510
168087
179470
160684
170941
161942
39119190
7229468
2653021
2848435
2458050
2782522
3520170
1397918
438038
672399
5644949
169490
184944
160454
172715
176722
184763
171084
172410
16467996
180540
187546
161280
151333
163345
175383
158335
160865
154326
146612
10279659
163830
160279
165193
14122329
163905
156705
155154
169983
148426
166360
150266
138182
141811
134179
9111375
159764
170572
159323
2090584
186060
262619
168598
184342
186069
138087
159528
162520
165994
184328
155951
248715
177425
193562
153192
168512
176827
194158
159457
149258
152466
149659
140043
137528
140978
139378
142847
140060
159009
157352
147865
178488
174162
156537
165826
162114
165733
176666
158439
175742
172781
197928
195497
182736
145572
25091632
178894
171956
187781
171517
172345
195304
171282
170157
175236
190250
174907
174068
182191
181421
178312
196760
8775764
1616577
2636862
190092
186069
169563
177936
174629
180860
182642
169207
175615
163568
654770
180637
228695
864517
165048
153713
197154
188546
189605
173025
175641
168565
171947
174468
168277
172503
171047
165430
151783
155472
178898
177903
184702
184055
146630
161412
189682
179820
261592
173441
161291
159342
150742
163653
166776
156564
196618
191034
184113
179069
175435
177407
178232
178339
194724
186009
289026
279783
8202139
271889
262277
6701301
306774
307840
354453
290536
284745
268406
287419
287661
298773
291190
277135
298135
308720
294127
271319
295928
270759
281913
284266
268618
297543
298462
282309
6660888
159604
177026
174572
168138
156934
177111
176355
176420
25361636
162716
208573
185196
189401
185605
181698
180797
177846
166038
154602
167708
191308
147927
170027
164307
166222
152510
135777
153191
140301
176454
176988
157122
162330
153379
678948
173731
286036
158714
148037
175990
190405
206849
151617
195299
144585
142093
149640
157169
147919
170917
201372
188442
8193039
170016
189861
146660
151784
149075
148941
155732
188628
171429
169782
175557
151960
665169
190909
200209
186099
174395
170876
177161
152928
8120035
192369
143557
170327
173001
167755
142120
145039
7787176
168466
192130
3576409
198479
179125
189519
161936
170496
180112
174107
170962
179740
169387
180059
181996
171553
11050598
1025319
174223
174425
175734
176258
153521
9646772
165973
153602
165647
187033
175826
180046
178239
175263
151996
171788
187817
153848
4757998
289248
223244
194373
180386
22850142
288136
282927
276963
277515
282377
279563
304115
310954
297728
299924
293880
2292603
371540
297316
272967
338132
2000167
339830
281931
295489
287148
822366
263805
274824
273644
264319
302898
368837
277560
277462
259282
281588
270843
260043
286099
288487
264047
271403
402677
287466
287681
264839
261297
290653
288080
319698
196061
201048
176709
173853
391926
390973
421076
396941
385668
305562
300065
324001
319959
903120
340873
304436
288500
291037
264611
253549
2467402
308014
297163
303664
352540
387884
2144729
211341
211906
204194
315114
305976
300010
252034
265906
243177
233716
234124
240709
235828
318111
302508
252942
310210
234008
224857
213228
244140
267074
262663
314794
306979
309175
297466
299922
299252
296246
499184
311419
186553
321275
302313
206657
168556
182840
177864
170279
174188
169879
172268
303094
241477
375839
382106
372088
521709
376038
375732
387221
465352
273700
277397
267464
262687
271120
272662
268859
268132
270116
266293
284028
263285
271417
264105
287027
260524
261761
286200
260804
256948
383639
397290
372111
376979
409411
392876
386537
373249
378810
377855
267765
256988
256608
258352
255069
252133
330986
382854
372325
382133
268704
253632
268219
256321
250840
266980
273807
263026
254612
256904
302553
270144
239924
258934
251301
445205
381359
392367
382118
420933
421425
2453245
2697459
160535
188841
117139
139394
224557
102539
162484
101497
85474
91138
85011
84109
86084
83998
84604
84480
85665
199798
189552
183216
187652
220086
131229
93442
85727
85782
86111
174077
174181
181630
163136
172374
177343
175126
176914
178302
182754
208125
157086
169181
159662
124383
91488
85844
83737
86472
84016
95258
93043
85735
85449
84281
84472
97088
85458
84413
83808
181934
163766
165404
170766
174843
176009
163194
141565
207189
185620
114858
90421
84618
94276
84249
84692
85836
83252
86515
84011
162567
94737
85464
84151
85783
85529
85257
84981
83593
87891
208805
190907
176101
186315
173721
87651
88083
86325
84415
84517
187933
227552
174578
177691
173193
172731
174005
173976
170090
1670478
154832
161960
90431
102830
87598
84664
84943
90793
85740
131367
102671
86851
84965
86820
86946
86434
95002
83676
152055
163941
197201
214323
187373
185204
186267
192704
188499
184342
185411
185528
173444
163130
154830
136730
87215
85129
84575
85073
84432
83802
176677
192113
168707
161669
172970
166730
176821
178454
173491
180616
185086
192771
179476
169290
171196
175117
193226
168241
180989
187957
170765
167679
177320
165683
165209
194824
175537
172079
176846
183817
214462
192523
180427
185950
180423
83376
85690
84017
85365
83629
169289
143155
108979
85737
87669
84051
83302
85314
84715
86925
182108
183814
173662
197938
176566
181448
176718
173734
229919
177731
176231
217668
283987
264530
257819
265889
276994
278067
276816
308607
315947
299764
297602
289247
365863
185431
183743
181140
160569
160668
170318
165787
167424
170633
159372
155051
153766
182153
187746
194903
188719
189819
186003
184350
185891
191341
182569
184556
184227
188642
191292
171881
174971
169982
171867
179152
156823
102095
84413
109780
206245
189770
160749
159884
159975
159432
164129
161871
159624
160164
190494
129862
148236
160191
163517
166811
155371
159858
166001
173494
171650
160033
160394
173155
145906
144245
148808
151809
160255
166326
140453
161808
163295
155673
162322
156021
161111
170213
153063
131080
167851
151356
169219
162005
167745
172573
130664
167819
181148
164565
158209
170992
179691
164161
170655
159339
164687
166379
176711
176104
161286
163811
136001
152495
146725
160066
158962
162676
155263
157577
139867
225602
128924
172942
169200
167884
168650
167941
169926
174034
149728
147582
143722
139729
144120
138031
139779
258341
168460
173907
152306
157899
168115
167914
140162
148224
142254
131921
172995
134637
148322
156628
162522
155150
163256
157765
159528
148270
154522
179955
172118
2830792
133456
164168
138077
145747
166968
144037
135300
139605
152382
135251
134070
158271
152981
148981
160328
157225
139024
154536
151806
143063
145814
135472
148944
139488
144086
138476
138271
142477
133395
118295
142212
166478
167085
173652
162498
166674
163602
160563
170048
170666
167508
167239
159682
160817
166723
158488
165606
163894
164421
163796
168391
160902
161425
140636
149650
155778
140374
138260
155354
145101
142644
143310
146639
149033
148321
149396
147743
148919
128523
181891
226905
159535
163912
162791
165708
161724
161927
162343
8202529
169772
170450
163947
162803
157771
161502
164375
231535
158042
170400
164379
161877
166544
163158
166152
162984
163970
166171
163651
174332
159542
166667
160446
164501
158490
162514
158379
159166
1506474
184427
173667
171317
159326
163082
164297
4315477
134460
124487
59510146
3240698
12841439
10065845
8586000
8956304
16475530
332214
10684741
461969
462275
6818754
324035
314625
300173
313602
10448002
328614
334167
322356
320485
187956
204085
195301
201997
201301
202721
197090
194667
222179
215108
205056
197367
204216
190890
203997
193982
188119
177811
193573
169752
198347
209562
195854
192146
192667
181822
200534
194060
193441
184077
213972
216057
222772
209568
169171
177443
170718
33737052
185008
179651
196367
197132
215724
217080
213916
220006
184348
210676
211997
42252971
191436
177393
201170
186043
1658304
175552
186485
179161
220495
173761
197954
191865
201741
169650
173404
187197
169730
184931
173401
173992
186666
168282
181924
181729
169490
177685
180556
175681
183782
172247
231251
226853
222936
216083
202851
176330
189286
169852
218136
179221
221471
208467
215482
200831
215754
220985
225430
221181
221925
221816
14334198
177642
176062
173210
170102
167466
173480
159232
25521366
298294
322728
269901
290935
9225072
336365
325814
311992
5174315
326125
325749
340772
353031
336165
342618
3362796
328112
328622
322325
329168
322243
222353
158455
164915
159027
170065
168398
12743056
211684
203025
3076767
173035
208565
202765
201801
174688
177758
187191
177332
7724025
1247222
191955
181566
221119
191764
598325
396972
179209
171636
168019
173302
230280
218465
226476
220453
194508
175744
197871
184449
194483
211496
240867
225825
245271
221299
258628
795297
185403
187345
190877
170248
205801
225607
192853
220497
200639
178302
207075
195008
188846
193492
231313
213066
217275
347878
221169
208133
201176
215088
212214
213063
20577429
201218
207222
190451
185480
193799
190803
183810
187082
200073
175971
197617
30600713
316575
209630
207919
202749
199929
176358
202134
200615
3746800
242585
212749
201602
180164
664999
198521
197194
208532
205399
198751
339785
197274
353402
203976
211739
213724
170990
182728
15110606
220529
213331
198406
173637
188545
207699
214335
193404
217274
231937
218313
233065
207421
226404
189511
777613
186340
739380
187788
198886
203422
183446
199390
186666
195228
197818
192657
192530
193360
285707
306215
249344
4280428
176393
189433
189254
163752
214898
1246732
190400
169332
187527
166865
197675
285948
221513
206258
204950
203856
870295
204215
166001
196928
153488
183518
164665
201909
185541
201799
233350
216855
202101
210976
201856
212063
198056
220614
195208
310616
182952
198570
169905
170924
184868
199200
208809
193250
10018465
220385
231305
215133
204960
197979
247847
220095
182607
185399
169581
177315
204933
158478
204441
168516
162311
165029
219793
159584
159508
164577
215333
212793
189103
167409
172969
195444
191078
198999
257657
248888
334359
313328
335492
305677
312852
300588
289348
291802
289090
289512
222297
252655
218006
160268
201969
194049
188412
197723
205552
185648
3979379
194809
183737
173166
167461
173772
308978
314222
1984913
332154
332581
300631
6155288
307850
307519
303850
4577664
321285
316200
339851
307927
304627
302775
345128
299267
295276
5876990
319993
317390
315220
349160
339425
335001
331589
485750
283103
278231
309813
382242
386151
332190
305779
306515
303159
304433
305103
288689
309689
314893
299717
312193
314039
316506
299547
310700
312496
245784
194775
201292
191780
188623
188324
197681
177058
174373
170875
175313
170903
166695
178914
187629
183488
173778
180588
167047
227429
222734
216500
223322
218607
240373
226385
219109
225969
222556
4255194
224033
219962
216587
220124
248754
222277
222133
207248
216940
321626
205432
221274
219848
215402
236667
236959
222121
222389
190151
214729
219696
216855
205036
275688
217602
205887
217914
213705
214326
210123
178076
210148
221259
251961
307845
213149
220506
205908
211218
190808
213278
224077
222152
218026
234683
229548
217396
215793
218212
218211
219943
211795
222273
3606653
236381
261860
219879
208289
195258
214313
230020
220652
220747
223818
193886
197267
175177
182505
164641
175478
172321
165208
170185
173784
182197
190601
175675
207882
215585
184291
210085
185997
194930
198799
195995
171952
169694
165189
158426
180124
168056
179182
175010
222147
196537
176478
175517
167883
164664
189484
160742
170911
171760
166244
179768
167093
180453
162470
176782
167350
167327
159928
167744
160083
188948
194642
184156
184296
162370
189520
167163
168668
160037
177399
185014
181538
189402
181298
172590
299591
222492
212270
212340
193665
176895
179697
169370
167526
189350
207014
191592
213319
213231
217127
226093
153955
166544
173627
170296
221178
216842
215729
215352
149407
296619
176623
174305
174984
163143
157395
171645
207476
200416
169250
236597
233081
220053
217481
217769
189056
167095
164640
168571
166435
214853
210405
186831
180148
159022
165677
175273
173574
163180
157725
241376
182390
167506
186177
162783
172573
199027
193459
199245
206853
191114
169039
182407
170688
177429
166257
176785
164848
177512
184566
236108
205634
199060
196583
187380
197635
220314
191270
193442
180745
217220
204498
157596
151371
172794
168245
167225
179944
173397
203426
182766
179202
203438
180009
192094
197803
166733
8231598
182591
169321
179718
190787
181437
182184
165925
166907
169464
169174
181105
164159
187745
185049
212107
160436
176416
164516
2377155
190925
172405
184431
4218852
217960
177176
10540370
172074
163443
163009
158299
173214
166703
167707
175729
177228
157573
167064
163325
183748
171540
170391
157598
221861
145724
164732
172876
153742
163762
169980
7008152
222716
211914
174402
202814
162107
177396
161459
178924
176149
171007
172632
177964
221904
214273
209179
6382248
226576
210905
210646
201958
204925
220080
217973
227863
214778
204032
190466
202885
210085
208905
190607
208509
206661
200317
193856
196204
192965
196431
190257
191594
195257
193861
218019
186404
234834
220785
158719
182953
3013035
253839
203354
198385
229734
214807
210309
210052
210102
210564
166053
219500
215867
212969
219334
224388
213686
211646
214198
5794585
226738
216018
217063
198681
1036910
210979
222175
207904
213547
168854
201344
203167
198535
193440
236044
217463
221681
214856
216803
215452
215186
199626
202266
311503
231484
239345
218331
200108
184376
202621
212483
315064
236441
225244
258601
213898
214863
168415
209772
357669
199669
207033
192701
200494
225658
215996
214337
215236
213945
246062
205971
213608
171137
190494
193041
200044
255442
199440
189900
191710
212395
177148
198752
199633
199972
178749
190037
182511
318371
203258
188869
216268
204140
206127
3055695
236531
185985
209443
197553
204579
196817
202336
215782
206694
191089
188684
191045
189149
6003823
202425
203042
204801
198140
206126
215782
199116
201369
189577
177335
190848
183038
185039
188365
187284
217863
215562
205140
203005
284635
173749
199124
205490
206595
176543
189736
204554
204777
199729
302474
212140
204504
14022576
212495
216741
219470
213562
209923
204220
185217
272660
199392
205577
210436
218363
203307
181086
200260
185720
199588
188245
214000
210159
210955
186259
212846
208632
217618
206471
212435
11488221
212874
212309
208239
164269
199516
209684
207808
212851
177074
200157
186289
198016
185273
184745
215562
205909
1503230
197337
184039
200626
213796
205532
187434
>>>>>>> c473799511720cb30a73b66545fb21dcf4586d41
13744282
1635680
1911168
2173820
2124671
2493368
2552391
2977387
555642
625765
194725
188144
326003
313883
109015
102678
108933
168222
119442
131723
243241
223966
289461
309835
247523
232115
241187
341038
341614
352327
13702241
2534409
2428448
2809445
1676464
2106414
2679039
1283273
654583
375298
467249
242920
114185
178906
120598
110861
178166
121519
199422
469870
248894
265627
236051
237445
217743
221594
248226
221513
214012
214137
